Time	Wx	Wy	Wz	Temperature
0.028	-0.061	0.000	-0.061	29.001
0.029	0.000	-0.061	0.000	29.004
0.030	0.000	-0.061	0.061	28.998
0.031	0.000	-0.061	0.061	28.992
0.032	0.000	-0.061	0.061	28.989
0.033	-0.061	-0.061	-0.061	28.986
0.034	-0.061	-0.061	0.000	28.989
0.035	0.000	0.000	0.061	28.989
0.036	0.000	-0.061	0.122	28.983
0.037	0.000	0.000	0.122	28.986
0.038	-0.061	0.000	0.000	29.006
0.042	-0.061	0.000	-0.061	28.995
0.052	-0.061	0.000	0.061	28.989
0.061	0.000	0.000	0.061	28.995
0.071	0.000	0.000	0.122	28.998
0.082	0.000	0.000	0.061	28.992
0.092	-0.061	0.000	0.000	29.004
0.102	-0.061	0.000	0.000	29.004
0.112	0.000	0.000	0.000	29.006
0.123	0.000	0.000	0.061	28.995
0.132	0.000	0.061	0.122	28.980
0.142	-0.061	-0.061	-0.061	28.977
0.152	-0.061	-0.061	-0.061	28.983
0.162	-0.061	-0.061	0.000	29.001
0.172	0.000	-0.061	0.061	28.989
0.182	0.061	-0.061	0.061	28.989
0.192	0.000	-0.061	-0.061	28.989
0.202	-0.061	0.000	0.000	28.995
0.212	-0.061	0.000	0.000	29.004
0.222	0.000	0.000	0.000	28.998
0.232	0.000	0.061	0.122	28.992
0.243	0.000	-0.061	0.000	28.992
0.253	0.000	-0.061	-0.061	28.995
0.262	-0.061	-0.061	0.061	28.998
0.273	0.000	0.000	0.061	28.983
0.283	0.000	0.000	0.000	28.992
0.292	0.000	0.000	0.000	28.989
0.302	-0.061	0.000	0.061	28.992
0.312	0.000	0.000	-0.061	28.989
0.322	0.000	0.000	0.000	28.986
0.332	0.000	0.000	0.000	28.980
0.343	0.000	0.000	-0.061	28.983
0.352	0.000	-0.061	-0.122	29.009
0.363	0.000	-0.061	0.000	28.995
0.373	-0.061	0.000	0.061	28.989
0.383	0.000	0.000	0.061	28.992
0.393	0.000	0.000	0.061	28.998
0.403	-0.061	-0.061	0.000	28.995
0.413	0.000	0.000	0.000	28.995
0.423	-0.061	0.000	-0.061	28.989
0.433	0.000	-0.061	0.000	28.989
0.443	0.000	-0.061	0.000	28.992
0.454	0.000	-0.061	-0.061	28.989
0.463	-0.061	-0.061	0.000	28.977
0.473	0.000	0.000	0.122	28.980
0.483	0.061	0.000	-0.061	29.009
0.493	0.061	0.000	0.000	28.995
0.503	0.000	-0.061	0.061	28.992
0.513	0.000	0.000	-0.061	28.995
0.523	0.000	-0.061	0.000	28.998
0.533	-0.061	-0.061	0.061	29.004
0.544	-0.061	0.000	0.061	28.998
0.554	0.000	0.000	0.061	29.001
0.563	0.000	-0.061	-0.061	28.986
0.573	0.000	-0.061	0.000	28.980
0.584	0.000	0.000	0.061	28.977
0.594	0.000	0.061	0.122	28.995
0.604	-0.061	0.000	0.183	28.995
0.614	-0.061	0.000	0.000	28.995
0.624	0.000	0.000	-0.122	28.992
0.634	0.000	-0.061	0.000	28.986
0.644	0.061	-0.061	0.061	28.971
0.653	0.061	0.000	0.000	28.986
0.664	0.000	0.000	0.000	28.995
0.674	-0.061	0.000	-0.061	28.980
0.684	-0.061	0.000	-0.061	28.986
0.694	-0.061	0.000	0.061	28.977
0.704	0.000	-0.061	0.122	28.992
0.714	0.000	-0.061	0.061	28.992
0.724	0.000	0.000	-0.061	28.986
0.734	0.000	0.000	-0.061	28.995
0.744	-0.061	0.000	0.061	29.004
0.754	0.000	-0.061	0.000	28.995
0.764	0.000	-0.061	0.061	29.001
0.775	-0.061	0.000	0.122	28.992
0.785	-0.061	0.000	0.000	28.986
0.795	0.061	-0.061	-0.061	28.998
0.805	0.000	-0.061	0.061	29.001
0.815	0.000	-0.061	0.122	29.001
0.824	0.000	0.000	0.000	28.995
0.834	-0.061	0.000	-0.061	28.998
0.845	-0.061	-0.061	-0.061	28.983
0.855	0.000	0.000	0.000	28.992
0.865	0.000	0.000	0.061	29.001
0.875	0.000	0.000	0.122	28.989
0.884	-0.061	-0.061	0.061	28.989
0.895	-0.061	0.000	-0.061	28.992
0.905	0.000	0.000	-0.061	28.986
0.915	-0.061	0.000	0.061	28.989
0.925	0.000	0.000	0.061	28.989
0.934	0.000	0.000	0.000	28.986
0.945	0.000	-0.061	0.000	28.983
0.955	-0.061	0.000	-0.061	28.989
0.965	0.000	0.000	-0.061	28.980
0.975	0.000	0.000	0.000	28.980
0.985	-0.061	0.000	0.061	28.992
0.995	-0.061	0.000	0.000	28.986
1.005	0.000	0.000	0.000	28.977
1.016	0.000	0.000	0.122	28.980
1.025	0.061	0.000	0.061	28.980
1.036	0.061	-0.061	0.000	28.983
1.045	0.000	-0.061	0.000	28.977
1.055	-0.061	0.000	0.061	28.998
1.065	0.000	0.000	-0.061	28.986
1.075	0.000	0.000	0.061	28.989
1.085	0.000	0.000	0.122	28.989
1.095	0.061	-0.061	0.000	28.974
1.106	0.000	-0.061	0.000	28.998
1.116	0.000	-0.061	0.000	29.009
1.125	0.000	-0.061	0.000	29.012
1.135	0.000	0.000	0.122	29.001
1.146	0.000	-0.061	0.000	29.009
1.156	0.000	0.000	0.000	29.009
1.165	0.000	0.000	0.061	29.001
1.176	0.000	0.000	-0.061	29.006
1.186	0.000	0.000	0.061	29.004
1.195	0.000	0.000	0.000	28.992
1.206	-0.061	-0.061	0.000	28.983
1.216	-0.061	-0.061	-0.061	28.998
1.226	0.000	-0.061	0.000	28.998
1.236	-0.061	0.000	0.061	29.009
1.246	0.000	-0.061	0.000	29.009
1.256	0.000	-0.061	0.000	28.998
1.266	0.000	0.000	0.061	28.992
1.276	0.061	0.000	-0.061	29.001
1.287	0.000	0.000	0.000	28.998
1.296	0.000	-0.061	0.000	28.992
1.306	0.000	-0.061	-0.061	29.006
1.316	0.000	0.000	0.000	29.012
1.326	0.000	0.000	0.000	29.012
1.336	0.000	0.000	0.061	29.021
1.347	0.061	0.000	0.061	29.012
1.357	0.000	0.000	-0.061	29.004
1.367	0.000	0.000	-0.061	28.992
1.376	-0.061	0.000	0.000	29.012
1.386	0.000	0.000	0.000	29.027
1.397	0.000	0.000	0.000	29.027
1.407	0.000	0.000	0.061	29.024
1.416	0.000	-0.061	0.000	29.018
1.427	0.000	-0.061	0.000	29.018
1.437	0.000	-0.061	0.061	29.012
1.447	-0.061	0.000	0.000	29.006
1.457	0.000	0.000	-0.061	29.006
1.467	-0.061	0.000	0.061	29.001
1.477	0.000	0.000	0.061	29.001
1.487	0.061	0.000	0.061	28.983
1.497	0.061	0.000	0.122	29.004
1.507	0.061	0.000	0.000	28.992
1.517	0.000	0.000	-0.061	28.995
1.527	0.000	0.000	-0.061	29.009
1.537	-0.061	0.000	0.061	29.006
1.547	0.000	0.000	0.061	29.004
1.557	0.000	0.000	0.000	29.004
1.567	0.000	0.000	0.061	29.001
1.578	0.000	0.000	-0.061	29.009
1.588	0.000	0.000	-0.061	29.015
1.597	-0.061	0.000	0.061	29.015
1.607	-0.061	0.000	0.000	29.021
1.617	-0.061	0.000	0.061	29.018
1.628	-0.061	0.000	0.061	28.998
1.639	0.000	0.000	0.061	29.009
1.649	0.061	-0.061	-0.061	29.009
1.659	0.061	-0.061	-0.061	29.004
1.668	0.000	0.000	0.122	29.012
1.679	0.000	-0.061	0.061	29.004
1.688	0.000	0.000	-0.061	29.009
1.698	0.000	0.000	0.061	29.006
1.709	0.061	-0.061	0.000	29.018
1.719	0.061	-0.061	0.000	29.001
1.729	0.061	0.000	0.061	29.009
1.738	0.000	0.000	-0.061	29.001
1.748	0.000	-0.061	-0.061	28.998
1.759	-0.061	0.000	-0.061	29.001
1.769	0.000	0.000	0.000	29.001
1.779	0.000	0.000	0.122	29.006
1.790	0.061	0.000	0.061	29.012
1.799	0.061	-0.061	0.061	29.006
1.809	0.061	-0.061	0.000	29.001
1.819	0.000	-0.061	-0.061	28.998
1.829	0.000	-0.061	0.000	28.995
1.839	0.000	0.000	0.000	29.001
1.849	0.000	0.000	0.061	29.006
1.859	0.000	0.000	0.061	29.012
1.869	0.000	-0.061	0.122	29.012
1.879	0.061	0.000	0.000	29.006
1.889	0.061	-0.061	-0.061	29.006
1.899	0.000	-0.061	0.000	29.001
1.910	0.000	-0.061	0.000	29.009
1.920	-0.061	0.000	0.000	29.009
1.930	0.000	0.000	0.000	29.018
1.940	0.000	0.000	0.061	29.015
1.949	0.061	0.000	0.061	29.006
1.960	0.000	-0.061	0.000	29.015
1.970	0.000	-0.061	0.061	29.027
1.980	0.000	0.000	0.000	29.015
1.990	-0.061	0.000	0.000	29.021
2.000	0.000	0.000	0.061	29.006
2.010	-0.061	0.000	0.183	29.021
2.020	0.000	0.000	0.061	29.018
2.030	0.000	-0.061	-0.061	29.006
2.040	0.000	-0.061	0.000	29.001
2.050	0.000	-0.061	0.000	28.995
2.060	0.000	0.000	-0.061	28.995
2.070	0.000	0.000	0.000	28.995
2.080	-0.061	0.061	0.061	28.989
2.090	0.000	0.000	0.000	28.989
2.100	0.000	-0.061	0.000	28.989
2.110	0.000	-0.061	0.000	29.001
2.121	0.000	0.000	-0.061	29.006
2.131	0.000	-0.061	-0.061	29.021
2.141	-0.061	-0.061	0.000	29.030
2.151	0.000	0.000	0.061	29.024
2.160	0.000	0.000	0.122	29.009
2.171	0.000	0.000	0.061	29.012
2.181	0.000	-0.061	0.000	29.009
2.191	-0.061	-0.061	0.000	29.015
2.201	0.000	-0.061	0.000	29.012
2.211	0.000	-0.061	0.000	29.009
2.221	0.000	0.000	0.122	29.018
2.231	0.000	0.000	0.000	29.009
2.241	0.000	0.000	0.061	28.995
2.251	-0.061	0.000	0.061	28.989
2.261	0.000	-0.061	0.061	28.995
2.271	0.061	-0.061	-0.061	29.006
2.280	0.000	0.000	0.061	29.027
2.292	0.000	0.000	0.000	29.030
2.301	0.000	0.000	0.061	29.004
2.311	-0.061	-0.061	0.122	29.001
2.321	0.000	-0.061	0.000	29.006
2.331	0.000	0.000	0.000	29.004
2.341	-0.061	-0.061	0.000	29.004
2.352	-0.061	0.000	0.000	29.012
2.362	-0.061	0.000	0.000	29.018
2.372	0.000	-0.061	0.000	29.018
2.381	0.000	-0.061	0.000	29.024
2.392	0.000	-0.061	0.061	29.009
2.401	0.000	-0.061	0.000	28.998
2.412	-0.061	-0.061	-0.061	28.992
2.422	0.000	-0.061	-0.122	28.983
2.432	0.000	0.000	0.061	28.998
2.442	-0.061	0.000	0.122	29.018
2.452	0.000	0.000	0.000	29.027
2.462	0.000	-0.061	0.000	29.021
2.472	0.000	-0.061	0.000	29.015
2.482	0.000	0.000	0.061	29.015
2.492	0.000	0.000	0.061	29.004
2.502	0.000	0.000	0.061	29.012
2.512	0.000	0.000	0.000	29.015
2.522	0.000	-0.061	0.000	29.018
2.532	0.000	-0.061	0.000	29.009
2.542	0.000	0.000	0.122	29.001
2.552	0.000	0.000	0.061	28.998
2.562	-0.061	0.000	0.000	29.006
2.572	-0.061	0.000	-0.061	29.006
2.582	0.000	0.000	-0.122	29.009
2.592	0.000	-0.061	0.000	29.021
2.602	0.000	0.000	0.183	29.015
2.612	0.000	0.000	0.061	29.015
2.621	-0.061	0.000	-0.061	29.009
2.632	-0.061	-0.061	-0.061	29.027
2.642	-0.061	0.000	-0.061	29.027
2.652	0.000	0.000	0.000	29.027
2.662	0.000	-0.061	0.061	29.018
2.672	0.000	-0.061	0.061	29.015
2.682	-0.061	-0.061	-0.061	29.009
2.692	-0.061	-0.061	-0.061	29.009
2.702	-0.061	0.000	0.061	29.001
2.712	-0.061	0.000	0.061	29.012
2.722	0.000	0.000	0.000	29.009
2.732	0.000	0.000	0.000	29.012
2.742	0.000	0.000	0.000	29.015
2.752	0.000	0.000	0.061	29.021
2.762	0.061	0.000	0.061	29.018
2.772	0.061	0.000	0.000	29.009
2.782	-0.061	0.000	0.000	29.015
2.793	-0.061	0.000	-0.061	29.001
2.802	-0.061	-0.061	0.000	29.009
2.813	-0.061	0.000	0.061	29.015
2.822	0.000	0.000	0.000	29.012
2.832	0.000	0.000	0.061	29.015
2.842	0.000	0.000	0.061	28.992
2.853	0.000	0.000	0.000	28.983
2.863	0.000	-0.061	-0.061	29.001
2.873	0.000	0.000	0.061	28.998
2.882	0.000	0.000	0.000	29.001
2.893	-0.061	0.000	0.000	28.998
2.904	0.000	-0.061	0.061	29.001
2.914	0.000	-0.061	0.061	29.004
2.923	0.061	0.000	0.000	29.004
2.934	0.061	0.000	-0.061	29.021
2.944	0.000	0.000	-0.061	29.018
2.953	0.000	0.000	0.000	29.024
2.963	0.000	0.000	0.061	29.027
2.973	0.061	0.000	0.122	29.006
2.983	0.000	0.000	0.122	29.009
2.993	0.061	-0.061	0.000	29.021
3.003	0.000	-0.061	-0.061	29.018
3.013	0.000	0.000	0.000	29.015
3.024	0.000	0.000	0.000	29.015
3.034	-0.061	0.000	0.000	29.015
3.043	-0.061	0.000	-0.061	29.001
3.054	-0.061	0.000	0.122	29.012
3.063	-0.061	0.061	0.061	29.015
3.073	0.061	0.000	-0.061	29.012
3.083	0.000	0.000	0.000	29.021
3.093	-0.061	0.000	0.000	29.027
3.103	0.000	-0.061	-0.061	29.012
3.114	-0.061	0.000	0.061	29.004
3.123	0.000	0.000	0.061	29.001
3.134	0.061	0.000	0.000	29.006
3.144	0.061	0.000	0.061	29.006
3.154	0.000	0.000	0.061	29.015
3.163	0.000	0.000	0.000	29.015
3.174	0.000	-0.061	0.000	29.015
3.183	0.000	0.000	0.000	29.009
3.193	-0.061	0.000	0.000	29.006
3.203	-0.061	0.000	0.000	29.012
3.214	0.000	0.000	-0.061	29.012
3.224	0.000	0.000	0.061	29.015
3.234	0.000	-0.061	0.000	29.039
3.244	0.000	-0.061	-0.061	29.024
3.254	0.000	0.000	0.061	29.024
3.264	-0.061	0.000	0.061	29.018
3.274	-0.061	0.000	-0.061	29.018
3.284	0.000	-0.061	0.000	29.015
3.295	0.000	0.000	0.122	29.018
3.304	0.000	0.000	0.061	29.021
3.314	0.000	0.000	0.000	29.018
3.324	-0.061	-0.061	0.061	29.015
3.334	0.000	0.000	-0.061	29.015
3.345	0.000	0.000	-0.061	29.012
3.355	-0.061	0.000	0.061	29.015
3.365	0.000	0.000	0.122	29.015
3.375	0.000	-0.061	0.000	29.024
3.385	0.000	-0.061	0.061	29.042
3.395	0.000	0.000	0.000	29.018
3.405	0.000	0.000	-0.061	29.021
3.415	0.000	-0.061	-0.061	29.015
3.426	0.000	0.000	0.061	29.021
3.436	0.000	0.000	0.122	29.027
3.446	0.000	0.000	0.000	29.021
3.456	0.000	0.000	0.000	29.009
3.466	0.000	-0.061	0.000	29.006
3.475	0.000	0.000	0.000	29.012
3.485	-0.061	0.000	0.000	29.015
3.495	0.000	-0.061	0.000	29.018
3.506	0.000	-0.061	0.000	29.027
3.516	-0.061	0.000	0.061	29.021
3.526	-0.061	0.000	0.061	29.012
3.536	0.000	-0.061	0.000	29.012
3.546	0.000	-0.061	0.000	29.015
3.556	-0.061	-0.061	-0.061	29.024
3.566	0.000	-0.061	0.000	29.024
3.576	0.000	-0.061	0.000	29.024
3.586	0.000	0.000	0.000	29.009
3.596	0.000	0.000	0.061	29.004
3.606	-0.061	0.000	0.061	29.009
3.616	-0.061	0.000	-0.061	29.021
3.626	0.000	0.000	0.000	29.012
3.636	0.000	0.000	0.122	29.012
3.646	0.000	0.000	0.061	29.012
3.656	0.000	0.000	0.122	29.009
3.666	0.000	0.000	0.061	28.998
3.676	0.000	-0.061	0.000	29.012
3.687	0.000	0.000	0.000	29.024
3.696	0.000	0.000	0.000	29.027
3.706	0.000	0.000	0.000	29.015
3.716	0.000	-0.061	0.000	29.006
3.727	-0.061	0.000	0.061	29.033
3.737	0.000	-0.061	0.000	29.033
3.747	0.000	-0.061	0.000	29.039
3.757	0.000	0.000	0.061	29.039
3.767	0.000	0.000	0.122	29.030
3.776	0.000	0.000	0.000	29.018
3.786	0.000	0.000	0.000	29.027
3.797	0.000	-0.061	0.000	29.027
3.807	0.000	-0.061	0.000	29.024
3.817	-0.061	0.000	0.061	29.030
3.827	0.000	0.000	0.000	29.015
3.837	0.000	0.000	0.000	29.021
3.847	0.000	0.000	0.000	29.027
3.857	0.000	0.000	0.000	29.015
3.867	0.000	0.000	0.061	29.012
3.877	0.000	0.000	0.000	29.009
3.887	0.000	-0.061	0.000	29.024
3.897	-0.061	-0.061	0.122	29.030
3.907	0.000	-0.061	0.061	29.033
3.917	0.061	-0.061	-0.122	29.024
3.927	0.000	-0.061	0.000	29.024
3.937	-0.061	0.000	0.061	29.024
3.947	-0.061	-0.061	0.000	29.027
3.958	-0.061	0.000	0.000	29.056
3.968	-0.061	0.000	0.061	29.042
3.978	-0.061	0.000	0.000	29.033
3.988	0.000	-0.061	0.000	29.018
3.998	0.000	0.000	0.061	29.033
4.008	0.000	-0.061	0.061	29.039
4.018	0.000	0.000	-0.061	29.039
4.028	0.000	0.000	-0.061	29.015
4.038	0.000	-0.061	0.000	29.018
4.048	-0.061	-0.061	0.000	29.027
4.058	0.000	-0.061	0.061	29.024
4.067	0.000	0.000	0.061	29.024
4.078	0.000	0.000	0.061	29.027
4.087	0.000	0.000	0.000	29.033
4.097	0.000	-0.061	0.000	29.021
4.107	0.000	0.000	0.122	29.012
4.117	-0.061	0.000	0.000	29.024
4.128	0.000	-0.061	0.000	29.030
4.139	-0.061	0.000	0.122	29.021
4.149	0.000	-0.061	0.000	29.024
4.158	0.061	0.000	0.000	29.018
4.169	0.000	0.000	0.061	29.027
4.178	-0.061	0.000	0.000	29.042
4.188	0.000	0.000	0.000	29.036
4.198	-0.061	0.000	0.000	29.027
4.208	-0.061	0.000	0.000	29.018
4.218	0.061	0.000	0.000	29.024
4.229	0.000	0.000	0.061	29.030
4.238	0.000	0.000	0.000	29.027
4.248	0.000	-0.061	0.000	29.027
4.258	-0.061	-0.061	0.061	29.030
4.268	0.000	-0.061	0.061	29.015
4.279	0.000	0.000	0.122	29.012
4.288	0.000	0.000	0.061	29.027
4.299	0.000	-0.061	-0.061	29.027
4.308	0.000	-0.061	0.061	29.021
4.319	0.000	0.000	0.122	29.021
4.329	0.061	0.000	-0.061	29.021
4.339	0.000	0.000	0.000	29.021
4.349	-0.061	-0.061	0.061	29.024
4.359	0.000	0.000	0.000	29.027
4.369	0.000	0.000	0.061	29.027
4.379	0.061	0.000	0.000	29.030
4.389	0.061	0.000	-0.061	29.039
4.399	0.000	-0.061	0.000	29.024
4.409	-0.061	-0.061	0.000	29.015
4.419	-0.061	-0.061	0.000	29.018
4.429	0.000	0.000	0.061	29.021
4.439	0.000	0.000	0.061	29.021
4.449	0.000	0.000	0.061	29.024
4.460	0.000	-0.061	0.061	29.027
4.470	0.000	-0.061	0.000	29.033
4.480	0.000	-0.061	0.000	29.039
4.490	0.000	-0.061	0.061	29.030
4.500	0.000	-0.061	0.000	29.015
4.510	0.000	0.000	0.000	29.018
4.520	0.000	0.000	0.122	29.030
4.530	0.000	-0.061	0.000	29.042
4.540	0.000	-0.061	0.000	29.030
4.550	0.000	0.000	0.061	29.033
4.560	0.000	0.000	-0.061	29.039
4.570	0.000	0.000	0.000	29.036
4.580	0.000	0.000	0.061	29.042
4.590	0.000	0.000	0.000	29.042
4.600	0.000	0.000	0.000	29.042
4.610	0.000	0.000	0.000	29.042
4.621	0.000	-0.061	0.061	29.045
4.630	0.000	0.000	0.000	29.039
4.640	0.000	0.000	-0.061	29.036
4.650	0.000	0.000	0.061	29.051
4.661	0.000	0.000	0.122	29.036
4.671	0.000	-0.061	0.061	29.027
4.681	0.000	-0.061	0.061	29.030
4.690	0.000	0.000	0.061	29.018
4.701	0.000	0.000	-0.061	29.036
4.711	0.000	0.000	0.000	29.042
4.721	0.000	-0.061	0.061	29.039
4.730	0.000	-0.061	0.000	29.036
4.740	0.000	0.000	0.061	29.045
4.750	0.000	0.000	0.000	29.045
4.760	0.000	0.000	0.000	29.045
4.771	-0.061	0.000	0.061	29.036
4.781	0.000	-0.061	0.000	29.039
4.791	0.000	0.000	0.122	29.048
4.802	0.000	0.000	0.061	29.036
4.811	0.000	-0.061	-0.061	29.024
4.821	0.000	0.000	0.000	29.021
4.831	-0.061	0.000	0.000	29.024
4.841	-0.061	0.000	0.000	29.030
4.851	0.000	0.000	0.061	29.030
4.861	0.000	0.000	0.000	29.027
4.870	0.000	0.000	-0.061	29.033
4.880	-0.061	0.000	0.000	29.039
4.890	0.000	0.000	0.000	29.030
4.900	0.000	0.061	0.061	29.033
4.910	-0.061	0.000	0.061	29.036
4.920	-0.061	0.000	0.000	29.033
4.930	-0.061	0.000	0.000	29.045
4.941	-0.061	0.061	0.061	29.042
4.951	0.000	0.000	0.061	29.048
4.961	0.000	0.000	0.061	29.045
4.971	0.000	-0.061	0.000	29.051
4.981	0.000	-0.061	-0.061	29.048
4.990	0.061	0.000	0.061	29.039
5.000	-0.061	0.061	0.122	29.033
5.010	0.000	0.000	0.061	29.033
5.020	-0.061	0.000	0.000	29.045
5.031	0.000	0.000	0.000	29.048
5.041	0.000	0.000	0.061	29.051
5.051	0.061	0.000	-0.061	29.048
5.061	0.000	0.000	0.061	29.036
5.070	-0.061	0.000	0.061	29.039
5.081	0.000	0.000	0.000	29.030
5.091	0.000	-0.061	0.061	29.033
5.101	0.061	0.000	0.061	29.030
5.111	0.000	-0.061	0.061	29.042
5.121	-0.061	-0.061	0.000	29.048
5.131	-0.061	0.000	0.000	29.033
5.141	-0.061	0.000	0.000	29.036
5.150	0.000	0.000	0.000	29.036
5.161	0.000	0.000	-0.061	29.045
5.171	0.000	0.000	0.061	29.056
5.181	-0.061	0.000	0.061	29.045
5.191	0.000	0.000	0.000	29.039
5.201	0.000	0.000	0.061	29.039
5.211	0.000	0.000	0.061	29.062
5.221	0.000	-0.061	0.000	29.059
5.232	0.000	-0.061	0.061	29.048
5.242	0.000	0.000	0.061	29.051
5.251	-0.061	0.000	0.000	29.042
5.262	0.000	0.000	0.061	29.030
5.271	-0.061	0.000	0.000	29.033
5.281	-0.061	0.000	0.061	29.027
5.292	0.000	0.000	0.122	29.042
5.304	0.000	-0.061	0.000	29.036
5.313	0.000	0.061	0.000	29.042
5.323	0.000	0.000	0.000	29.039
5.333	0.000	0.000	0.000	29.039
5.343	0.000	0.000	0.061	29.051
5.353	-0.061	0.000	0.061	29.042
5.363	0.000	0.000	-0.061	29.039
5.373	0.000	-0.061	0.000	29.042
5.383	0.000	-0.061	0.061	29.045
5.393	0.000	-0.061	0.000	29.059
5.403	0.000	-0.061	0.000	29.051
5.413	0.000	-0.061	0.000	29.048
5.423	0.000	-0.061	0.000	29.048
5.433	0.000	0.000	0.000	29.048
5.443	0.000	-0.061	0.000	29.033
5.453	0.061	0.000	0.000	29.036
5.463	0.000	0.000	0.061	29.039
5.473	-0.061	-0.061	0.000	29.045
5.483	-0.061	-0.061	-0.061	29.030
5.494	-0.061	0.000	0.000	29.024
5.504	0.000	0.000	0.061	29.045
5.513	0.000	0.000	0.061	29.045
5.524	0.000	0.000	0.122	29.048
5.533	0.000	0.000	0.000	29.056
5.544	0.000	-0.061	-0.061	29.059
5.553	-0.061	0.000	0.061	29.048
5.563	0.000	0.000	0.061	29.036
5.573	0.000	0.000	0.061	29.036
5.584	0.000	0.000	0.122	29.048
5.593	0.000	0.000	0.122	29.062
5.602	0.000	0.000	0.000	29.059
5.613	-0.061	0.000	0.061	29.059
5.623	0.000	0.000	0.061	29.056
5.633	0.000	0.000	0.000	29.045
5.643	-0.061	0.000	0.061	29.045
5.654	0.000	-0.061	0.000	29.045
5.663	0.000	-0.061	0.061	29.039
5.673	0.000	-0.061	0.061	29.039
5.683	0.000	0.000	0.061	29.042
5.693	0.000	0.000	0.000	29.045
5.703	0.000	0.000	0.000	29.048
5.713	0.000	0.000	0.000	29.045
5.724	0.000	0.000	0.061	29.042
5.734	0.000	-0.061	0.122	29.039
5.744	0.000	-0.061	0.061	29.033
5.753	0.000	0.000	0.000	29.039
5.763	-0.061	0.000	0.000	29.048
5.773	-0.061	0.000	0.000	29.039
5.783	0.000	0.000	0.000	29.036
5.793	0.000	0.000	0.000	29.015
5.805	0.000	-0.061	0.000	29.021
5.814	0.000	-0.061	0.061	29.036
5.823	0.000	-0.061	0.061	29.045
5.834	0.000	-0.061	-0.061	29.039
5.844	-0.061	-0.061	0.000	29.033
5.854	0.000	-0.061	0.000	29.045
5.864	0.000	0.000	0.000	29.054
5.874	0.000	0.000	0.061	29.039
5.884	0.061	0.061	0.000	29.039
5.894	0.061	0.000	0.061	29.042
5.904	0.000	0.000	0.000	29.042
5.914	0.061	0.000	-0.061	29.048
5.924	0.000	0.000	0.000	29.045
5.934	0.000	0.000	0.000	29.045
5.944	0.000	0.000	0.000	29.033
5.954	0.000	0.000	0.122	29.030
5.965	0.000	0.000	0.061	29.033
5.974	0.000	0.000	0.000	29.036
5.984	0.000	0.000	0.000	29.042
5.994	0.000	0.000	0.000	29.048
6.005	0.000	0.000	-0.061	29.051
6.014	-0.061	0.000	0.061	29.048
6.025	0.000	0.000	0.000	29.039
6.034	0.000	0.000	0.000	29.045
6.044	0.000	0.000	-0.061	29.036
6.054	0.000	0.000	-0.061	29.039
6.064	0.000	0.000	0.000	29.048
6.074	0.000	0.000	0.061	29.045
6.085	0.000	-0.061	0.061	29.030
6.095	0.000	0.000	0.000	29.033
6.104	0.000	0.000	0.000	29.059
6.115	0.000	-0.061	0.000	29.051
6.125	0.000	-0.061	0.000	29.048
6.135	-0.061	0.000	0.061	29.042
6.144	-0.061	0.000	0.000	29.033
6.155	0.000	0.000	0.000	29.021
6.165	0.000	-0.061	0.061	29.030
6.175	0.000	-0.061	0.122	29.048
6.185	0.000	0.000	0.061	29.048
6.195	0.000	0.000	0.122	29.042
6.206	0.000	0.000	0.061	29.045
6.216	-0.061	-0.061	0.000	29.042
6.225	0.000	0.000	0.061	29.036
6.235	0.061	0.000	0.000	29.030
6.245	0.000	0.000	0.061	29.036
6.255	-0.061	0.000	0.061	29.054
6.266	-0.061	0.000	-0.122	29.051
6.276	0.000	0.000	0.000	29.051
6.286	0.000	0.000	0.061	29.051
6.296	0.000	-0.061	0.000	29.042
6.307	0.000	-0.061	0.061	29.039
6.315	-0.061	-0.061	0.061	29.062
6.325	0.000	-0.061	-0.122	29.045
6.336	0.000	-0.061	0.000	29.042
6.346	0.000	0.000	0.122	29.051
6.356	0.000	0.000	0.061	29.042
6.366	0.000	0.000	0.000	29.045
6.376	0.000	0.000	0.000	29.045
6.386	0.000	0.000	-0.061	29.051
6.396	0.000	-0.061	-0.061	29.051
6.406	0.000	-0.061	-0.061	29.051
6.416	-0.061	0.000	0.061	29.042
6.427	-0.061	0.000	0.061	29.054
6.436	-0.061	0.000	0.000	29.045
6.446	0.061	-0.061	0.061	29.030
6.456	0.000	-0.061	0.061	29.045
6.466	0.000	-0.061	0.000	29.048
6.476	0.000	-0.061	-0.061	29.048
6.486	0.000	-0.061	0.000	29.048
6.497	0.000	0.000	0.061	29.048
6.507	0.000	0.000	0.122	29.048
6.517	0.000	0.000	0.122	29.042
6.526	-0.061	0.000	-0.061	29.039
6.537	0.061	-0.061	-0.183	29.045
6.547	0.000	0.000	0.122	29.042
6.557	0.000	0.000	0.183	29.054
6.567	0.000	-0.061	0.000	29.042
6.577	0.000	-0.061	-0.061	29.033
6.586	0.000	0.000	-0.061	29.030
6.597	0.000	-0.061	-0.061	29.033
6.607	0.000	0.000	0.061	29.045
6.617	0.000	0.000	0.122	29.048
6.627	0.000	0.000	0.000	29.056
6.637	0.000	0.000	-0.122	29.054
6.647	0.000	-0.061	0.000	29.042
6.657	0.000	-0.061	0.000	29.051
6.667	0.000	-0.061	0.061	29.054
6.677	0.000	0.000	0.061	29.039
6.688	-0.061	0.000	-0.061	29.030
6.697	-0.061	0.061	-0.122	29.048
6.707	0.000	0.061	0.000	29.048
6.718	0.061	0.000	0.061	29.042
6.727	0.000	0.000	0.061	29.042
6.737	-0.061	0.000	0.000	29.045
6.748	-0.061	-0.061	0.000	29.045
6.757	-0.061	-0.061	0.061	29.039
6.767	0.000	-0.061	0.061	29.042
6.777	0.000	-0.061	0.122	29.051
6.788	0.000	-0.061	0.061	29.039
6.798	0.000	-0.061	-0.061	29.027
6.808	0.000	-0.061	0.000	29.048
6.818	0.000	0.000	0.061	29.056
6.827	0.000	0.000	0.061	29.056
6.838	0.000	-0.061	0.000	29.054
6.848	0.000	-0.061	0.000	29.048
6.859	-0.061	-0.061	-0.061	29.059
6.869	-0.061	0.000	0.000	29.051
6.879	0.000	0.000	0.122	29.036
6.889	0.000	0.000	0.061	29.036
6.899	0.000	-0.061	-0.061	29.033
6.909	-0.061	0.000	0.000	29.021
6.919	0.000	-0.061	-0.061	29.039
6.929	0.000	-0.061	0.000	29.051
6.939	0.000	0.000	0.061	29.054
6.949	0.000	0.000	0.061	29.042
6.959	-0.061	0.000	0.061	29.045
6.969	-0.061	0.000	0.061	29.051
6.979	0.000	-0.061	0.061	29.036
6.989	0.000	-0.061	0.061	29.048
6.999	0.000	-0.061	0.000	29.054
7.009	0.000	0.000	0.000	29.059
7.019	-0.061	0.000	0.061	29.048
7.029	0.000	0.000	0.061	29.039
7.039	0.000	0.000	0.061	29.039
7.049	0.000	0.000	0.000	29.048
7.060	0.000	0.000	0.000	29.056
7.069	-0.061	0.000	0.000	29.062
7.079	0.000	0.000	0.061	29.056
7.089	-0.061	0.061	0.000	29.042
7.099	0.000	0.000	0.000	29.042
7.109	-0.061	0.000	0.000	29.054
7.119	0.000	0.000	0.000	29.036
7.129	0.000	0.000	0.061	29.056
7.140	0.061	-0.061	0.061	29.054
7.150	0.000	0.000	0.061	29.051
7.160	-0.061	0.000	0.000	29.051
7.170	-0.061	0.000	0.122	29.048
7.180	-0.061	0.000	0.122	29.045
7.190	0.000	0.000	0.000	29.039
7.200	0.000	0.000	0.000	29.051
7.210	0.000	0.000	0.061	29.051
7.220	-0.061	-0.061	0.000	29.048
7.230	0.000	-0.061	0.000	29.039
7.240	0.000	0.000	0.000	29.039
7.250	-0.061	0.000	0.061	29.042
7.260	0.000	-0.061	0.000	29.051
7.270	0.000	0.000	0.061	29.048
7.280	0.000	-0.061	0.000	29.048
7.290	0.000	-0.061	-0.061	29.036
7.300	-0.061	-0.061	0.061	29.045
7.311	-0.061	-0.061	0.061	29.039
7.320	-0.061	0.000	0.061	29.042
7.330	0.000	0.000	0.000	29.036
7.341	0.000	0.000	0.000	29.056
7.351	0.000	0.000	0.000	29.042
7.361	0.000	0.061	0.061	29.033
7.371	0.000	0.000	-0.061	29.033
7.381	-0.061	0.000	-0.061	29.039
7.391	-0.061	0.000	0.061	29.051
7.401	0.000	0.000	0.000	29.056
7.411	0.000	0.000	0.122	29.071
7.421	-0.061	0.000	0.122	29.059
7.431	0.000	-0.061	-0.061	29.048
7.441	0.000	-0.061	0.000	29.039
7.451	-0.061	-0.061	0.000	29.042
7.461	-0.061	0.000	0.061	29.045
7.471	-0.061	0.000	0.000	29.039
7.481	0.000	0.000	0.000	29.045
7.492	0.000	0.000	0.122	29.048
7.501	0.000	-0.061	0.061	29.048
7.512	0.000	-0.061	-0.061	29.051
7.521	0.000	-0.061	0.061	29.042
7.531	0.000	0.000	0.061	29.042
7.541	0.061	-0.061	0.000	29.042
7.551	0.000	0.000	0.000	29.045
7.562	0.061	-0.061	0.000	29.036
7.572	0.000	0.000	0.061	29.033
7.582	0.000	0.000	0.061	29.036
7.592	0.000	0.000	0.000	29.045
7.602	-0.061	0.000	0.000	29.054
7.612	0.000	0.000	0.000	29.056
7.622	0.000	0.000	0.061	29.042
7.631	-0.061	0.000	0.061	29.042
7.641	0.000	0.000	0.000	29.048
7.651	0.000	0.000	0.000	29.039
7.661	0.000	0.000	0.061	29.045
7.671	0.000	0.000	0.061	29.056
7.681	-0.061	0.000	0.000	29.054
7.691	0.000	-0.061	0.000	29.036
7.701	0.000	-0.061	0.000	29.039
7.711	-0.061	0.000	0.061	29.051
7.722	-0.061	0.000	0.061	29.054
7.731	0.000	0.000	0.061	29.042
7.741	0.000	0.000	0.000	29.054
7.751	-0.061	-0.061	-0.061	29.062
7.761	0.000	0.000	0.061	29.039
7.772	0.000	0.000	0.000	29.039
7.782	0.061	0.000	0.061	29.042
7.791	-0.061	0.000	0.122	29.045
7.802	-0.061	0.000	0.000	29.056
7.813	-0.061	-0.061	0.000	29.054
7.822	0.061	-0.061	0.061	29.054
7.831	0.000	0.000	0.000	29.051
7.842	0.000	0.000	0.000	29.048
7.852	0.000	0.000	0.000	29.056
7.862	0.000	-0.061	0.000	29.042
7.872	-0.061	0.000	0.000	29.054
7.882	0.000	-0.061	0.000	29.045
7.891	-0.061	-0.061	0.000	29.045
7.903	-0.061	0.000	0.000	29.048
7.913	-0.061	0.061	0.000	29.054
7.923	0.000	0.000	0.000	29.051
7.933	0.000	0.000	0.061	29.048
7.943	0.000	0.000	0.000	29.056
7.953	0.000	-0.061	0.000	29.059
7.963	-0.061	-0.061	-0.061	29.048
7.973	0.000	0.000	0.000	29.039
7.983	-0.061	0.000	0.061	29.039
7.993	0.000	0.000	0.061	29.039
8.003	-0.061	0.000	0.000	29.024
8.014	-0.061	0.000	-0.061	29.042
8.023	-0.061	0.000	-0.061	29.045
8.033	-0.061	0.000	0.061	29.056
8.043	0.000	-0.061	0.000	29.048
8.053	-0.061	0.000	0.000	29.056
8.063	-0.061	0.000	0.000	29.059
8.073	0.000	-0.061	0.000	29.045
8.083	0.000	0.000	0.122	29.039
8.094	0.000	0.000	0.122	29.039
8.104	0.000	0.000	0.000	29.045
8.114	0.000	0.000	0.122	29.054
8.123	0.000	0.000	0.000	29.045
8.133	0.000	-0.061	0.000	29.042
8.144	-0.061	0.061	0.061	29.039
8.154	0.000	0.000	0.000	29.042
8.164	0.000	-0.061	-0.061	29.048
8.174	-0.061	-0.061	0.000	29.045
8.184	-0.061	0.000	0.000	29.051
8.194	0.000	0.000	0.122	29.045
8.204	0.000	0.061	0.000	29.042
8.214	0.000	0.000	-0.122	29.045
8.225	0.000	-0.061	-0.061	29.033
8.234	0.000	0.000	0.000	29.042
8.244	0.061	0.000	0.061	29.051
8.254	0.061	0.000	0.000	29.062
8.264	0.000	-0.061	0.000	29.048
8.275	0.000	-0.061	-0.061	29.036
8.285	0.000	-0.061	0.000	29.042
8.294	0.000	0.000	0.061	29.033
8.304	0.000	0.000	0.061	29.036
8.315	0.000	0.000	0.000	29.030
8.325	-0.061	-0.061	0.000	29.039
8.334	0.000	-0.061	0.000	29.045
8.345	0.000	-0.061	0.061	29.030
8.355	0.000	0.000	0.061	29.033
8.365	0.000	0.000	0.000	29.045
8.375	-0.061	0.061	-0.061	29.042
8.385	-0.061	0.000	0.000	29.039
8.395	0.000	-0.061	0.061	29.051
8.405	0.000	-0.061	0.183	29.054
8.415	0.000	-0.061	0.061	29.033
8.425	0.000	-0.061	-0.122	29.042
8.435	0.000	-0.061	-0.122	29.045
8.445	0.000	-0.061	0.000	29.051
8.455	0.000	0.000	0.061	29.051
8.465	0.000	0.000	0.061	29.042
8.475	-0.061	0.000	0.000	29.033
8.486	0.000	-0.061	-0.061	29.033
8.495	0.000	-0.061	0.000	29.048
8.505	0.000	0.000	0.000	29.036
8.515	0.000	0.000	0.000	29.036
8.525	-0.061	0.000	0.061	29.048
8.535	0.000	-0.061	-0.061	29.048
8.546	0.000	0.000	0.122	29.048
8.556	0.000	-0.061	0.122	29.048
8.566	0.061	-0.061	-0.061	29.048
8.575	0.000	-0.061	0.061	29.054
8.586	0.061	-0.061	-0.061	29.039
8.595	0.000	0.000	-0.122	29.042
8.605	-0.061	0.000	0.061	29.042
8.616	0.000	-0.061	0.061	29.042
8.625	0.000	0.000	0.061	29.039
8.636	0.000	0.000	0.061	29.045
8.646	0.061	0.000	-0.061	29.056
8.656	0.000	0.000	0.061	29.054
8.666	0.061	0.000	0.061	29.054
8.676	0.000	0.000	0.000	29.062
8.686	-0.061	0.000	0.000	29.048
8.696	-0.061	0.000	0.000	29.033
8.705	0.000	0.000	0.061	29.030
8.716	0.061	-0.061	0.061	29.036
8.726	0.000	0.000	0.122	29.030
8.736	0.000	-0.061	-0.061	29.039
8.746	0.000	-0.061	-0.122	29.036
8.756	0.000	-0.061	-0.061	29.039
8.766	0.000	-0.061	-0.061	29.036
8.776	0.000	0.000	0.061	29.036
8.786	0.000	-0.061	0.183	29.045
8.796	0.000	-0.061	0.000	29.030
8.805	0.000	-0.061	-0.061	29.051
8.817	-0.061	0.000	0.061	29.051
8.826	0.000	0.000	0.000	29.048
8.836	0.000	0.000	0.061	29.054
8.846	0.000	0.000	0.061	29.051
8.856	-0.061	0.000	0.061	29.042
8.866	0.000	0.000	0.061	29.051
8.876	0.000	-0.061	0.000	29.039
8.886	0.000	0.000	0.000	29.033
8.896	0.000	0.061	-0.061	29.039
8.906	0.000	0.000	-0.061	29.042
8.916	0.000	0.000	0.061	29.042
8.926	-0.061	0.000	0.122	29.033
8.936	-0.061	0.000	0.000	29.036
8.947	0.000	0.000	0.061	29.045
8.957	0.000	0.000	0.000	29.039
8.967	0.000	-0.061	0.000	29.021
8.976	0.000	0.000	0.000	29.033
8.986	0.000	0.061	0.000	29.033
8.996	0.000	0.000	0.061	29.039
9.006	0.061	0.000	0.000	29.033
9.016	0.000	0.000	0.000	29.042
9.026	0.000	0.000	0.061	29.054
9.036	0.000	-0.061	-0.061	29.059
9.046	0.000	-0.061	0.000	29.048
9.056	-0.061	0.000	0.061	29.033
9.066	-0.061	0.000	0.000	29.036
9.076	0.000	0.000	0.000	29.039
9.086	0.000	-0.061	0.122	29.039
9.096	0.061	0.000	0.061	29.030
9.107	0.061	0.000	-0.061	29.027
9.117	-0.061	0.000	-0.061	29.030
9.127	-0.061	0.000	0.000	29.024
9.137	-0.061	0.000	0.000	29.024
9.147	-0.061	0.000	0.061	29.027
9.157	0.000	-0.061	0.061	29.030
9.168	0.000	0.000	0.061	29.027
9.178	0.000	0.000	0.000	29.039
9.188	0.000	-0.061	-0.061	29.036
9.198	0.000	-0.061	0.000	29.033
9.208	-0.061	0.000	0.061	29.027
9.217	-0.061	0.000	0.000	29.033
9.228	-0.061	0.000	0.000	29.042
9.238	-0.061	0.000	0.000	29.030
9.248	0.000	0.000	0.000	29.033
9.258	0.061	0.000	0.000	29.051
9.268	0.061	0.000	0.061	29.045
9.278	0.000	0.000	0.000	29.039
9.288	-0.061	0.000	-0.122	29.030
9.298	-0.061	0.000	0.000	29.030
9.309	0.000	0.000	0.061	29.048
9.320	0.000	0.000	0.061	29.036
9.329	0.000	-0.061	0.122	29.039
9.338	0.000	-0.061	0.000	29.036
9.348	0.000	0.000	0.000	29.033
9.358	-0.061	0.061	0.000	29.033
9.368	-0.061	0.061	0.000	29.051
9.378	-0.061	0.061	0.061	29.039
9.389	-0.061	0.000	0.061	29.033
9.399	0.000	0.000	0.061	29.036
9.409	0.000	0.000	0.061	29.045
9.419	0.000	0.000	0.000	29.045
9.429	0.000	-0.061	-0.061	29.036
9.439	-0.061	0.000	0.000	29.024
9.449	-0.061	0.000	0.000	29.036
9.459	0.000	0.000	0.000	29.051
9.469	-0.061	0.000	0.061	29.051
9.479	0.000	0.000	0.061	29.030
9.489	0.000	0.000	0.000	29.030
9.499	0.000	0.000	-0.061	29.045
9.509	-0.061	0.000	0.061	29.039
9.519	0.000	-0.061	0.061	29.030
9.529	0.061	-0.061	0.000	29.033
9.539	0.000	0.000	0.122	29.042
9.549	0.000	0.000	0.122	29.039
9.559	0.000	0.000	0.061	29.048
9.569	0.000	0.000	0.061	29.045
9.579	0.061	0.000	0.061	29.048
9.589	0.000	0.061	0.122	29.054
9.599	0.000	0.061	0.122	29.054
9.609	0.000	0.000	0.122	29.054
9.620	0.061	-0.061	0.061	29.045
9.630	0.000	-0.061	0.061	29.042
9.640	-0.061	0.000	0.122	29.030
9.650	0.000	0.000	0.122	29.042
9.660	-0.061	0.061	0.061	29.042
9.670	0.061	0.000	0.000	29.042
9.680	0.000	0.000	0.061	29.027
9.690	0.000	0.000	0.122	29.027
9.700	0.000	0.000	0.061	29.027
9.710	0.000	-0.061	0.061	29.033
9.720	0.000	0.000	0.122	29.027
9.730	0.000	-0.061	0.000	29.033
9.740	-0.061	0.000	0.061	29.036
9.750	0.000	0.000	0.122	29.042
9.760	0.000	0.000	0.122	29.036
9.770	0.061	0.000	0.061	29.045
9.780	0.000	0.000	0.061	29.039
9.790	0.000	0.000	0.000	29.036
9.800	0.000	0.000	0.061	29.033
9.810	0.000	0.000	0.061	29.033
9.821	0.000	0.000	0.061	29.027
9.830	0.000	-0.061	0.061	29.033
9.840	0.000	0.000	0.061	29.027
9.850	0.000	-0.061	0.122	29.042
9.860	0.000	0.000	0.122	29.039
9.871	0.000	0.000	0.000	29.033
9.881	0.000	0.000	-0.061	29.030
9.891	-0.061	0.061	0.061	29.036
9.901	0.000	0.000	0.061	29.036
9.911	0.061	-0.061	0.000	29.027
9.921	0.000	0.000	0.061	29.027
9.931	-0.061	0.000	-0.061	29.015
9.941	0.000	-0.061	-0.122	29.024
9.951	0.061	-0.061	0.061	29.024
9.961	0.061	0.000	0.122	29.033
9.971	0.000	-0.061	0.061	29.042
9.981	0.000	-0.061	-0.061	29.033
9.991	-0.061	-0.061	-0.061	29.042
10.001	-0.061	0.000	0.061	29.033
10.011	0.000	-0.061	0.061	29.036
10.021	0.000	-0.061	0.000	29.030
10.031	-0.061	-0.061	-0.122	29.039
10.041	-0.061	-0.061	-0.122	29.030
10.051	-0.061	0.061	0.122	29.030
10.061	0.000	0.000	0.000	29.030
10.071	0.000	0.061	0.000	29.033
10.081	-0.061	0.000	0.061	29.015
10.091	-0.061	-0.061	0.000	29.021
10.101	-0.061	-0.061	-0.061	29.027
10.111	0.000	-0.061	0.000	29.036
10.121	-0.061	-0.061	0.061	29.036
10.131	-0.061	-0.061	-0.061	29.033
10.141	-0.122	0.000	0.000	29.039
10.151	-0.061	-0.061	0.061	29.048
10.161	0.000	-0.061	-0.122	29.042
10.171	0.000	-0.061	-0.122	29.042
10.181	-0.061	0.000	-0.061	29.045
10.192	-0.061	-0.061	-0.122	29.039
10.202	-0.061	-0.061	-0.122	29.039
10.212	0.000	-0.061	-0.122	29.033
10.221	0.000	-0.061	-0.061	29.051
10.231	0.000	-0.061	-0.122	29.030
10.242	-0.061	-0.061	-0.122	29.015
10.252	-0.061	-0.061	-0.061	29.027
10.262	0.000	-0.061	-0.061	29.012
10.272	0.061	0.000	-0.122	29.015
10.282	0.000	0.000	0.000	29.024
10.292	0.000	0.000	0.000	29.036
10.302	-0.061	0.000	-0.061	29.036
10.312	0.061	-0.122	-0.122	29.033
10.323	0.061	0.000	-0.061	29.033
10.333	-0.183	0.122	0.244	29.027
10.343	0.122	-0.183	-0.244	29.036
10.353	-0.061	0.061	0.122	29.042
10.363	-0.061	-0.061	-0.061	29.024
10.373	0.000	0.000	-0.061	29.018
10.383	0.183	-0.122	-0.183	29.012
10.393	-0.183	0.122	0.122	29.027
10.403	0.061	-0.122	-0.244	29.039
10.413	0.122	0.061	0.183	29.048
10.422	-0.122	0.122	0.183	29.033
10.432	0.244	-0.061	-0.183	29.054
10.442	0.000	-0.061	0.122	29.042
10.452	-0.183	0.061	0.061	29.027
10.462	0.000	-0.061	0.000	29.027
10.472	0.000	0.000	0.305	29.030
10.482	-0.061	0.061	0.366	29.033
10.493	0.061	-0.061	0.122	29.027
10.503	-0.061	0.000	0.122	29.027
10.513	-0.122	-0.061	-0.061	29.033
10.523	0.061	0.000	0.000	29.033
10.533	0.061	0.000	-0.061	29.021
10.543	-0.061	0.061	0.122	29.030
10.553	0.000	-0.061	0.000	29.024
10.563	-0.122	0.000	-0.183	29.030
10.573	-0.244	0.061	-0.061	29.030
10.583	0.244	-0.244	-0.183	29.015
10.593	-0.122	0.000	-0.122	29.018
10.602	-0.183	0.000	-0.183	29.033
10.612	0.061	-0.183	0.000	29.027
10.623	-0.061	0.061	-0.061	29.021
10.632	-0.061	0.000	-0.122	29.033
10.643	0.061	-0.122	0.000	29.030
10.653	-0.061	-0.061	-0.122	29.042
10.662	-0.122	0.000	-0.061	29.045
10.673	0.000	-0.061	0.122	29.039
10.682	-0.122	0.061	0.061	29.036
10.693	0.061	-0.061	0.061	29.021
10.703	0.061	-0.061	0.183	29.033
10.712	-0.061	0.000	0.000	29.021
10.723	-0.061	0.000	0.000	29.027
10.733	-0.061	-0.061	0.000	29.021
10.743	-0.183	0.061	0.122	29.021
10.753	-0.122	0.061	0.061	29.033
10.763	0.122	-0.061	-0.183	29.033
10.773	-0.366	0.305	0.854	29.030
10.783	1.465	1.160	2.686	29.045
10.794	3.052	0.671	0.488	29.027
10.803	5.554	2.869	5.005	29.027
10.814	5.249	-0.305	-5.981	29.042
10.824	1.526	-0.488	-1.160	29.045
10.834	-0.061	0.122	1.648	29.045
10.843	0.305	0.183	-1.831	29.045
10.853	1.099	-1.404	-4.822	29.027
10.864	-0.366	-0.244	-3.357	29.018
10.874	-0.366	-0.427	-1.465	29.039
10.883	0.183	-0.061	0.427	29.033
10.893	0.671	-0.549	-1.282	29.036
10.904	-0.183	0.366	0.244	29.045
10.914	0.244	-0.366	-0.183	29.036
10.923	-0.671	0.305	1.404	29.039
10.934	-0.427	0.366	1.587	29.027
10.944	0.000	0.305	1.099	29.018
10.954	-0.122	0.427	2.747	29.018
10.964	-0.366	0.549	1.831	29.009
10.974	-0.061	0.061	0.916	29.027
10.984	-0.549	0.305	1.526	29.033
10.994	-0.122	0.000	0.122	29.033
11.004	0.244	0.000	0.305	29.030
11.014	0.000	0.122	0.366	29.033
11.024	0.061	-0.183	-0.671	29.024
11.034	0.000	-0.244	-1.099	29.024
11.044	-0.183	-0.183	-1.160	29.024
11.054	0.244	-0.244	-1.038	29.033
11.064	0.427	-0.244	-1.099	29.024
11.074	0.183	-0.244	-1.099	29.021
11.084	-0.061	-0.305	-1.038	29.018
11.094	-0.122	-0.183	-0.793	29.021
11.104	0.000	-0.061	-0.488	29.018
11.114	0.122	0.061	0.122	29.024
11.125	0.183	0.000	0.244	29.027
11.135	-0.244	0.122	0.244	29.027
11.144	-0.305	0.061	0.549	29.009
11.154	-0.122	0.122	0.671	29.006
11.164	0.061	0.122	0.793	28.995
11.175	0.061	0.183	0.977	28.998
11.185	-0.061	0.061	0.671	29.006
11.195	-1.160	2.136	5.249	29.015
11.205	2.686	6.226	27.039	29.009
11.215	3.784	2.686	5.432	29.004
11.225	2.869	-0.854	-5.493	29.021
11.235	4.028	-2.319	-13.000	29.027
11.245	4.700	-2.869	-11.963	29.027
11.255	1.343	0.122	-1.709	29.015
11.265	-0.671	0.488	5.371	29.018
11.275	-0.183	1.343	4.883	29.024
11.285	1.831	1.343	-0.305	29.033
11.295	2.991	-1.831	-11.292	29.021
11.305	1.404	-2.014	-10.254	29.015
11.315	1.099	-1.770	-8.606	29.015
11.326	1.038	-1.221	-7.141	29.024
11.335	1.099	-0.977	-2.930	29.021
11.345	-1.587	1.160	3.540	29.018
11.355	-0.610	0.244	3.662	29.015
11.366	-0.305	0.610	3.113	29.015
11.376	0.488	-0.061	-0.183	29.012
11.385	0.732	0.122	0.183	29.015
11.395	-0.061	0.305	2.808	29.009
11.406	-0.610	1.465	5.066	29.024
11.415	0.305	0.427	5.249	29.015
11.426	-1.282	1.465	6.653	29.012
11.436	-0.732	0.977	4.089	29.012
11.445	-0.122	0.122	2.014	29.021
11.456	0.244	-0.122	-0.793	29.012
11.466	0.427	-0.183	-2.014	29.006
11.476	1.099	-0.854	-2.625	29.015
11.486	-0.488	0.305	-0.366	29.033
11.496	0.916	-0.916	-2.380	29.027
11.506	0.061	-0.183	-1.465	29.015
11.516	0.488	-0.549	-3.174	29.021
11.526	0.427	-0.610	-2.869	29.012
11.536	0.793	-0.977	-3.967	29.018
11.546	0.061	-0.427	-3.113	29.024
11.556	0.244	-0.244	-1.587	29.027
11.566	0.366	-0.305	-0.427	29.024
11.577	-0.366	0.183	0.488	29.015
11.586	-0.488	0.427	0.366	29.021
11.597	0.000	-0.183	0.916	29.018
11.607	-0.366	0.549	1.892	29.012
11.617	-0.305	0.488	1.526	29.006
11.627	-0.671	0.671	2.380	29.021
11.637	-0.671	0.305	2.563	29.018
11.647	-0.427	0.488	1.221	29.027
11.657	0.122	0.061	0.793	29.024
11.667	0.000	0.061	0.916	29.021
11.678	0.061	-0.122	-0.549	29.021
11.688	0.305	-0.183	-0.977	29.018
11.698	-0.122	-0.061	-0.122	29.018
11.708	0.000	-0.183	-0.366	29.027
11.718	0.122	-0.183	-0.977	29.018
11.727	0.061	-0.244	-0.854	29.021
11.737	0.000	-0.244	-0.488	29.018
11.747	0.366	-0.366	-1.526	29.021
11.757	0.305	-0.305	-1.282	29.009
11.768	0.244	-0.305	-0.977	29.015
11.778	0.122	-0.305	-0.977	29.009
11.788	0.061	-0.122	-0.427	29.006
11.798	-0.183	0.122	0.427	29.009
11.807	0.061	-0.061	0.488	29.012
11.817	-0.122	0.122	0.732	29.027
11.827	-0.183	0.183	0.732	29.024
11.838	-0.122	0.122	0.977	29.012
11.848	-0.122	0.122	1.038	28.989
11.857	-0.122	0.122	0.732	29.004
11.867	-0.061	0.000	0.488	29.012
11.877	-0.061	0.061	0.427	29.006
11.887	0.061	0.000	0.061	29.012
11.899	0.061	0.000	-0.061	29.024
11.909	0.000	-0.061	-0.122	29.024
11.919	-0.061	-0.061	-0.244	29.009
11.928	0.000	-0.183	-0.305	29.004
11.938	0.061	-0.122	-0.244	29.012
11.948	0.061	-0.122	-0.244	29.015
11.958	0.061	-0.122	-0.427	29.004
11.968	0.061	-0.183	-0.549	29.009
11.978	0.000	-0.061	-0.549	29.018
11.988	0.122	-0.122	-0.732	29.006
11.998	0.122	-0.122	-0.549	29.006
12.008	0.061	-0.122	-0.244	29.001
12.018	-0.061	0.000	-0.061	28.998
12.028	-0.061	0.061	0.244	29.004
12.039	-0.122	0.000	0.427	29.021
12.048	0.000	0.000	0.244	29.018
12.059	-0.061	0.122	0.366	29.006
12.068	0.000	0.000	0.305	29.004
12.078	-0.122	0.061	0.244	29.009
12.088	0.000	0.000	0.061	29.021
12.098	0.122	-0.061	0.122	29.004
12.109	-0.061	0.000	0.061	29.009
12.119	-0.061	0.000	-0.061	29.009
12.129	0.000	-0.122	0.061	29.009
12.139	-0.061	-0.061	0.122	29.018
12.149	0.061	-0.061	0.061	29.012
12.159	0.000	-0.061	0.122	29.021
12.170	0.000	-0.061	-0.061	29.015
12.179	0.061	-0.061	-0.244	29.009
12.189	0.000	-0.122	-0.183	29.021
12.199	0.000	-0.122	-0.244	29.021
12.210	0.061	-0.061	-0.244	29.015
12.220	-0.061	-0.061	0.000	29.015
12.230	0.000	0.000	0.122	29.012
12.240	0.061	-0.061	0.061	28.992
12.250	-0.061	0.000	0.305	28.995
12.259	-0.061	0.061	0.244	29.004
12.269	0.000	-0.061	0.000	29.009
12.280	-0.061	-0.061	0.000	29.009
12.290	-0.061	0.000	0.122	29.018
12.300	0.000	0.000	-0.061	29.018
12.309	0.000	0.000	-0.061	29.015
12.319	0.000	0.000	0.000	29.018
12.330	0.061	0.000	-0.122	29.015
12.340	0.000	0.000	0.000	29.021
12.349	-0.061	0.000	0.061	29.021
12.360	-0.061	-0.061	-0.122	29.027
12.370	-0.061	-0.061	-0.061	29.015
12.380	0.000	-0.061	-0.061	29.015
12.390	0.061	-0.122	-0.183	29.021
12.400	0.000	-0.061	-0.061	29.015
12.410	-0.061	-0.061	-0.122	29.012
12.420	0.000	-0.061	-0.244	29.004
12.431	0.000	-0.061	-0.061	29.006
12.441	0.000	0.000	0.061	29.015
12.450	0.061	-0.061	0.183	29.021
12.460	0.000	-0.061	0.122	29.018
12.470	-0.122	0.000	0.122	29.009
12.480	0.000	0.000	-0.061	29.009
12.491	0.000	0.000	0.000	29.021
12.501	0.000	0.000	0.061	29.021
12.510	0.000	0.000	0.000	29.018
12.521	0.061	0.000	0.000	29.012
12.530	0.000	0.000	0.000	29.012
12.541	0.000	0.000	-0.061	29.004
12.551	-0.061	0.000	0.000	29.015
12.561	-0.122	0.061	0.122	29.009
12.570	0.000	0.000	-0.061	29.012
12.580	0.061	0.000	0.000	29.009
12.590	-0.061	0.000	0.244	29.009
12.600	0.000	0.000	-0.122	29.006
12.610	0.122	-0.061	-0.366	29.015
12.620	0.061	0.000	0.000	29.009
12.631	0.061	-0.122	-0.183	29.021
12.641	0.549	0.061	0.610	29.018
12.651	1.465	0.977	2.930	29.015
12.661	2.014	0.244	-0.977	29.030
12.671	0.793	-0.122	-2.319	29.021
12.681	-0.122	0.183	1.343	29.021
12.692	0.061	0.000	1.465	29.009
12.701	0.427	-0.183	-0.549	29.006
12.711	0.732	-0.488	-2.563	29.001
12.721	0.305	-0.366	-1.343	29.015
12.731	-0.488	0.061	0.122	29.018
12.742	-0.244	-0.183	-0.549	29.009
12.751	0.427	-0.427	-0.427	29.006
12.761	-0.122	0.183	0.244	29.015
12.771	0.183	0.122	-0.061	29.024
12.782	0.061	0.000	0.610	29.009
12.792	-0.366	-0.061	0.183	29.001
12.802	-0.610	0.427	0.305	29.001
12.811	0.122	-0.305	-0.305	29.009
12.821	-0.305	0.366	1.099	29.006
12.833	0.122	-0.305	-0.366	29.015
12.842	-0.793	0.488	0.671	29.015
